0011100100111110111· 0001111 113

0 l' 01110 diminutione 11 1111010 01101010, 0 0111 111110010010010
1110 1011010 ’0110110100 001οο1010, 111110010 11100110010010 0 quello
0110011101111010, (1000101001οο01110 1100 00011100 01 8010, 0
11100110 10010010111100010 111 01001011110 001011] 1001011, 1100-
0111011100011 intervalli 101 corpo 101010, 00100 11111110ωο010
1 11010 dimostrato 1011010100 001110 001101011010 10110100001110
101011 01111. 110100 velseri. 110000111011 10110 0101011010 111010-
1100 11111010, 0110 0011000 (ll ernestone 0 01110 00111011

. 111010 110110011011101000111 110 101101011010 solo 10 1101100000

11 1010 mni in noereio, 01 11οὸ 10111010010111010110 0001101-

1011010001010100101000111100010 010000 10110 100001110 110111-
00101110110 un oorpo 1010010, quali 11 11110000 essere tutte le
110110, 101100101011100 101οο1111 11 0101110101111010010 001 100110
101 11100101010, quanto 10110 101110101111 1010 0110 10 100101010

10010, 0 01011101110011 1011111 10110 1010 0111010111, 0 01110000-
110111011010 01011110 10110 11 100110, 01 10010 110011, quello
01101 10110 dl 11000 1101001111 0 1110110110, 111110110 1110 101111011οι
010011101101010.111101101 11 110 011011010 0111010100010 0110 10
010001110,10110 1001 101011010011 periodi, 1110101οο 10 1001011100
1101 leopanto, 000 10 01011110, 111.8101111010,00111101’111
1011011 vuele 1011000101 0 0110 oio 111, 10011010 0110111110
1001010 1001100110 11 10001000 01100110 onesi 1111011000 00110
100010 101 8010, 1001000 10110 01100010100101 0111 110 0000
10110 parole 11 quello 100101110, 01101 argomento necessario
101101101 contigue 01 8010. 0001100100111011110100 10110
1001011010 01000110, 0001 01110 0110 quel 0110 1011110110 00110
101101101101011010, 01010110 010000 di 0110 11οὸ01101 10110110
0110110οο 11 0011 10010 101010 0110 000 11 1111000ἰοοο101
000101000010111000 intorno 01 8010, 10 110010 11 1101110010
100οο 11 00 10010. Por· 1100110 01111. Simplicio 111· 1110, 010
00001110 1111101110 11001110 0010110100 11 101110 01 11000100, 0 poro,
0110110 101010 0010111010 1011111100,10000011 Aristotele 0111110110
pell 1011110 010 1010011000, 10 110010 0111011100 tt Cielo 011010 10001-
101111110, 11000111 nemnem 0 1000.

13. 1111011010, 0110 1101 011111 1101 10101001101101010 11 1 10110
tronto 0 1110101110 00110 11111 010100 0 eoi 010 noo 010 orl 1110101110.
01101101 110110 maneto 0101110110 oli 1 10010010 0000100110

 

