380 13111111 31 31111113

13131 331111 1331111313 1331311133, 313 applicata una volta 3113
113113 3113 gii 13133331331333113 3110113313, 3 131113 13113 3113
11311331133111 13 31 contrario (1311 impeto del 111333.

Vlll. Sinndo in nne 113133 131133, 331311111 111 porre 1133
superficie 11133313 333111111333313, 1. 3., 333 1113331113,11 3113
sopra di esso quieti nna 113113 1313311111111131 131113111 sopra
11113113133331133313131131331311313113113 3333 (11133113 13113133
11 13313113 13133111131331331311333113113 argomento, 3113 1’ 113-
13133333311113 113113 113113 da colui 3113 13 pose, essendo 13113133
1333113 3113 13133111113313331311 133133, 333 11 33313111133111-
31331113331;1131311111311 nudasse perdendo, 13 113113, (lopo
311313113131131313 sopra lo 1113331113, 3311311113 1331133113 31
33311311311313311313113113133, 333 avendo impellente 3113 13
13313113 3 113113113 3 13331131133113113113 heron, 1311131333111
11 1313111133 33313113 111 nn eorpo periellemente eserico 131113 33
pinno periettomenle 11111113 333 pun 1131313 13 113133 3113
113113, qnando 3113 13131313 iibere perdesse l' impeto 3333311113
mentre 313 13 31333 (11 1133113 3113 13 poso 13111313 1113331113,
31133133311333313131131331 133 bene 1331131311113 esse 113113
131113113, 13 33131 111313 1131313113 iuori 113113113133, 3 3113 331
1131131311113311311311311313311,11313113 13 113113 sopra 13 1333311131
13 113313 13313 313113 1111111113 1331131311113 131113113 3311113 3133113
113113 113133.

Μ3 mi 1111 1131131 di 33311333111,333311111113111 confessor
per eonvinto: 3311131111, ed 3333 11 modo. 11331331131113 131
3133313 3 3111333 3133331 311 1111133111, 3 13333111. 11 domando 13
credi di 313331 11133113 (11 me: 1111133111 3113 11. 01313 1311111111113
33133313 3 111 riensi, 13133311313, 3 confessi di 33311313. 11133
pertento 3113 1311133313113113 mi 33311111131311313 3311313113
esperienza proposlati (13 1113, 33111 13113 3113 111 1331111 111 13111133
3113 111313 13333311331131111313113 1113113, 11331 3 3331311113 111
311313 13 13113 3311111113, 3 1313 131131313 1133313 111 1113131ιί 111-
11311313.113331311 dunque 13333113 ogni 31113 3313 nn pretinholo
in 111311 forma: m’ 1333111131 11 3131111 passati in due 3113 333133-
(131333 111 precedenze 1131 3111333 113111 1333111111 1113311331313313
111113131113, 33113113 113333 i'inoontro: pnossi 11313111 1111331
rosini 13131131313313 33313113111 131311313 3131113313.

 

