1111111111 1111111 1111111111 113

non 1111111111 gli 11111,1 11111111 ν11111111111’1111111,111-
11111 1111 11111111111111111, 1 un perpetuo ritornare; ma
11 moto 11111 1 un 1111111111 verso 11111 impossibile a perve—
11111, 1111111111 11111 11111 11 1111111111 1111111111111111111111,
11111111111111111111111111111111111 1 1111111,1111111 1 11111111-
1111 1111111111 11 1111111111, 1111 1111111 1 11 moto circulare infl-
11111, 1 11 11111 1 11 moto 11111 11111111111111111.1111111111111
1111111 11 111111 1 11 11111111111111111111 termini 1111111111
111111 11111111111 111111111111111111111111111111111111111111
11111111 1111 11111 11 111 1111111111111111 11 possa prolungare
11 1111111111 11111 111 11 por 1111111 1111111111111111111111111111
11111 111111111111111 11111111, 1111111 111111 111111111 1· 11-
1111111111 1111 11111111, 1111 11111111111111111111 11 11111111
1’ 111111111111. (11111111 [111 111111,111 1111 Terra 11 11 111
tura 111111111111 11 11111, 1111111 111 1111 11111111 1111111111
1111111111, 1111111111111111111111 per 111 11111 parti, 111 solo
11111 Terra, 1111 111111 11111111 Sole 1 11 1111111111111111111-
1111111 111111111111111 11 11111 11111111111111111111111111111
11111111, ed 11 1111111111 1111111 11111111 11111111111111111-
tumne, 111111 11111111 1111111111 1111111111.

111111 11 11111 1111111111 111111 1111111111ς1111111111111
1111111111, voglio 1111111111 11111111111111111111111111111
111111111111111111111 quem, 111 per 111111 1’ 11111 1111111-
111111, 111 111111 111111 11 pini 1111111111 1111111111111, 11111111
11111 1111111, 1111111111 111 1111111111111111111111111111, 11
81111111111111111111111 immobile, 1 1111111111 111 111111
11111 1111111 111111111111. 111111111111111111 111 abbiamo 1111
nom} 11111111, 1111 11 Tem 1 111111 11111111, 111 111111 otto,
11111 assolutamente 11 11111111111111111 11 1111111111, edun 1111
1 ’11111111 pub 111111 111 1111 1111111 1 questo 1111 11 necessita
. 1111111111 sia 11111111 o 11111111 11111111 11 1111111111

⁴ probabile &ongeuura 11 potesse 11111111111111111111,11111111111
⁸ 11 111111. E 1111111 11 111111111111111111111111111111
1111111111 11 1111111, 1111 per 1111 1111111111111111,111111111
11 1111 111111111111 1111111, 1 11111111 molto 11111111111111
1111111111111111111 111 11111111111111111 si 1111111111,11111111-

11111111111111111111111111111111111 sermo. stando noi dun·
ὓ11111161111111.-Τοι. 11. 1³

 

