⁷0 0000000

1000 0 11 5010 001 10000 vero, 10001010 (10100010 0110000 10 00-
10111000,Ιο (00010, 0000100 01000 (101 000100 (10101010 10000οῑ00,
0000 10 000 0000011010 ad 000011 00111, 0001 (11010 (1010000100 (0001
00010, 0100 00000010 0000000100100000010 01 vertice (11000001-
0000110010, 0 00010 00011οο10, 10 110000000010020011,010(1(11·
000000. Due sono dunque i 1000101 (101 0100010 001 1100000010,
0100 1 apparente 0 000010, 01000 quello 0100 01000 001000010οῑ0
(10110 11000 00110 00000110 (10110001010 (101 0100000001000011000-
100 (101 0100010, 0(1 11 vero, 0100 0000110 0100 01000 0000010 (10110
00110 110010 (1010001οο (10110 Terra 00010 000100 (101010001ος 0
(00001100010001010100100000 0 (1100000οο 11010000 0010000010
quando 10001010 (101 0000010010 0 0011011000 (1010000 0110, 0100

0 quando 110100010 0001 0001100, 0 lenit: 10001 (11 001, 1110000 ·

0000 0 1 apparente sono 0000000 00000010 0 11010000110, 01000
100 essi, 01 0001000000 10 0000110000 (101 5010 0 (10110 10001100-
0100 (100000 10 0000110000 01100 000 0 000 (000110 000010 (11111010,
00001000 00000000 100 10 (10011000 (10110000 vero ’0 (101 0000-
10, 0 0000110010, 0100 000οο110 0100 10 (100 11000 010 0 meno 100 (11
1000 01 (11001000000000, 10 0000110000 (1100000 0000010οο 0 00100-
00; 01 000 10000000 10 (00001111 (11 (000110 01 000010 0 (1010000100
(1011000001110 (1011000010, 0100 (10 0000 (10011000 01000 0001110110
001 000100 (10110 510110, 1100010, 0000100 0 0000000 000010 01101-
100, 0100 011 0 0110 01000, 000010000 000 11010000 000110 (10100001-
00001000001110 (10110 0000110000 (1011000010, 0100 10 (100 11000
00000110, 1000 (101 000100 (10110 10000,0101100 (1011000010 (101
0000000010, 0001110100000 001 000100 (10110 510110.
111000οκ00101000010,0(1 10 0000000000010 0000110000, ae· κ
00000100010 0 (110010001000 000 (100 00010010 1000010000001000
0 00100001001000000 10 Terra dalla linea (101 voro luogo (10110
51011ος 0 101100 010 00001000 0 0010000 0110000, 0 00011000 (1100
1001000000 (10110 Terra (10110 0001001000 510110. E per 010100010-
1011100000 (101 10110 0011001 10 (100 00000011 110000 (T. 1. F. 111):
00110 001000 (10110 quali 010 1100010 Α 000100 (10110 10000, ed 11
00001010 00000100000110000 0000011010 DFE; 10 510110 01010 Β;0(1
110000010010 101); 0001 10 11000 AEBC quella del vero luogoze
10 DBG quella (101 10000 010100 1000010 (10110 0000110000 0000 CBG,
ovvero 10110001000110 0110 01000, 0 0000 0(1 esso 000010, 11111.

 

