111 1111111

01111111110101111110111, oppure ii Soio, immobiio (essendo
0011010111 11111 101 11 11101110),(1111(10 1011010011011011-
giiordo 11001110 1011111110 11 sicurezza (111110111101110
Soio, piii si 00110111 1111 11111101111111110111011111,1-010110
molto ragionovoimenio 0011011010 1111111110 111101011111001-
1010 11111101 11 111111 101 1011110 11 0011111011 001 (1110 11111
occidenti 101 110101111ᾱὶ 0 principaii di quei 0110 si 11010 11
quieto o 11 11010, 0 questi sono 1111111 1 11 10101111 0111 bon
101111100111010011011111(1110111111 (11 notum 111 01 00100
splendidissimo (1’ 11’ 01110111 1100, ed un 1111001011111111010
(101 11110 privo di 1111101 ma (10’ 001 comi, 1111111111110110110-
1111101 111110 010111 01110111 001011 0110111 1010 01111 10111-
1101ιο (11 1100, 0 111110 parimente 00111 0101110 101 10111110 (1
11 1011110011 adunque 1111111111011110110011011111110111
Terra 001 gii 11111 00111110110111111001110 101 1111010 lo
(11110110110111 (1018010 (111 1101011111 1101111110 101 11101011·
110110 1110111110. 01010 11 111111 (10111 Tem 1 1111111111 1
quella (101 00101 mobili. 1 diversissima 10110111 (111 Soio. 00110
, 101 11110111111110110110 piii probabile (0111101010111111-
110 010 0111) 0110 11 101110101 11 Solo 111110011011111110111
altri 101 suoi consortii iggiugnesi 101111 1011111 notabile
0011100111,0110(1,0110101 (10101110110 11110111 11110 10 stolio
11011, corpi 0011 110011 00110 11 801ορ11 11111111111111011,11
111110 11 111 010111 (1110100110110011111111111101101101101111
(11101 (11101111111110110 ritorto 10100101110111 11 001111110, 0
(1011011110 11111111101 111111 (1’ 011011, 0 1011011110 1 11101 (1110111,
111011111οο 1110111101οἰ (1110 00111 11 1101111100 1111101100 11
moto 1 111110 1011111110111010101010, 0101 1 tutti i 1111111, 0
01 8010,1110111111110 0111 (11 11111, 1011011 101 11111111110 1111110111
0110111 corpo opaoo 0 011110. Ma 11 111111 (11101011 11 11110
10110 01010101 1111110110 0010. 1110111111010, signer 11-
goii, 0 (111οε 11 (10001110011111111110011111010 1 11111010 porti
lucide (101 110110, 01101010 10 8101101110 0118010, 0 ia mobili
tutio 10 0110111 0 tenebrose, 01101010 1 1111011 0 11 Tora, 0111
110011 11111 00110 10101 0 0011 (10101 1111111111111101111 11
111110 10 110 opero.

0101101111110111 011111 0000111 (11111 11 11110111 1110

 

