0111110110111111111 01111111 . 111

sono 11111 1 computi, mi 10111010 011010011011101111 queste
opinioni, 0 quelle, oo. ,11100010 pm· 001 1011111001 11 queso oppo-
101101, 1100110 0010101110 10 quau 10, por 101011 1011101 0 per
10010111111111 1000111,100110 1101010010 10011010.

’1. E 1110 (ooo. 11111 Quoto 1110110111 nuovo, l'Antitioono
1110 0110 0110 noo 1011101111 11 10101 1111111, 1 011 bisogno
111 011 1111111111 11 1111111111, 00 vogliono provore 111111
111010 0101111000 0 generatione, 1100111110 mutationi 11111
110111 110110 111011110 011 11010 tempo, 10110 quoii 11111000 1111110
1110 011110 0001 1110111, 11 0110 non 0011010 111 moi 1111010111
10101111. Cimo 011 1111 10110111 0111 1111101 1110110 memmi 0
11110110111 10 111111101 Solo, 11011 1100 11110 101101, 10010111
1’ 1110 por 111011 0 por illusione 101 11001111111, 0 11 0111001
Ι11101101111110 11110 per 1111,1 111 sommo por ogni 1111010110 111
por 01010110 0010111.

’8. 1110001081001110101 111110· 1110 010 000111 00011110 11001
110110, 010 001101 prom 0111, 1 10110 11 1110010111 1111001101
0011000 1010100 01 Solo, 0 101 1101101011 10111 01· 0001110οο 0 001
011010, 0111111001 0101111100, 100110 0000111100 0011011 101011
0101001100 10110110, 0101 11 10111100. 011110· 10 11010 111110111001
per 0110, 0100· 11011001 11· 01101011.

9. 1110110 3110011110 1001101 0 1101011, 111 110010 00 00110-
0010 11 000110001110111 000111, quoni 101001001010 1001011011
11011 hro.- 0 001011 1001110010 110110, 111 10 ooo moechia 11 poo-
1000010110010110110011111011001110010111,11010001110010

, 1110001011, 0 01111001101001100 10011 10111111 0101011 10010

11 1001010 00100111 0001100 1110 110 11 1010, 01 oro 11 0000100100,
0111 1100110001, 0 mmmm 11110 11 Sole, 1010100 1101001,
00001 1110100 0 100 000110, 0100000 0010001011. Mo 000 1011101-
101111 0110,010111100001100010110101000, 0100110 010001 0011011
01001000 dopo 11 corpo 1018110, 0101110 0010, 10001101100110010
10 000110, 000 oi 110101001110 1101001010 11110 1011110101001 111

Ι«1010. 1011100011 00110110 0001011101 101 Solo oi 1 0011110110 000 -
10011 1101110 0000110110 11 010111 0101111110, 000 110110 1011· 01110,
0111001101 douo 111011, 0010010 1001111010 11 011000 1111010 10010110,
01 0100001 0 1100111 11 0100100010 1010 do 1111011010 110 101101010-
110010 0111111011010, 0011011000 si 1111, 0110111 0011110001ον

 

