112 0010100

00001 01 000100; 010 00010 0010011 011 osser 00100010, se 0011
01000001 11 00101 00010 000 01 1 moeso, 01 mei 01 1 000 010000-

re? 1001000111100100110111100011 11 00010 01001010 0001010001-
mento 010 011 010 contrario, 100 ben 10 quote 1 0001101010οι1
0001000100010. 00 00010 01100011 010100101001111110, 01010
1000100110010 0100000101 01100101000010, 010 000 1 01001-
00010000110010 0 quello 010 001 011010010 000 00101010, 0000
,01 11000 001001 10001011 1100, 01* 0110 sternumento 010 01010
0010 000 101000 immobile 000110 10 000 00100010 100110011000,
010 1 11 0100000011 Quanto 000 moneo 10010 11 1100, 010 0010·
0010 10110 10110 1 10 0101 100100, 001011, 0000010 001, 0001 1
01010 00010101 1100010010 10 10110, 000001100100101οι10 11-
00001000 0110 0001101010010;100 10 0100010000 110110110001,
’010 so 1 00001 00100011 1011000 00000 10110 001000 11 1000οο001
11 moto 010000, questo 000 001 essere se 000 1110010 01101000,
011001011110010 10 001010 01110 dete propensione 01 010001
10’ suoi 00101 101001011 11 0100οο001 11 0000100010 1000111000-
010 propositione ho 10 0101100001οο10011001,010000000 10011
0000010 0101 10 00000010. 10 00000000 10 00011 1011 1101001οο
00000 0001110110100111000 110000111000, 010011 0000000 010 10001
101 luogo 000, 010 1 quanto 1110 010 10 001000 01110 0111000
01110010 0011011000010 10 100010111100. Stante questo, 1 101000-
011110 010 0100001101000001101110 10 001000 11 1100000101 11
1000110001000110,0 11 01100010 011001000, 000011000110 010 01
010000 11 moto 10110 01010 10000100001010010 001000100010,
adunque 0011 000 001000 10 00 luogo 0 01 000 00101010, 010 1
000110 0110 000000111000. Adeoque, 001000011101 110010 000
100 01110010, 11 moto 001101000011100 0 000 00101010, 0 solo
001010000000000010 001 01010010 10000 11010000 0001010 00000
101 000 1000000100010, 010 011010 10000 00111000 10110 01 101-
0010110, 0110001 01 001 010 100010 00000010111011000000010 -
101 suo 10110. 11010110, 01 0000, 001011 10 000 sono 011000101
0001010,01001000100000100110 0110110 10 nature 01 00000 101
0101000110. ’10111000000010011 000 seguono 001 10010 0100010011,
11 0001000010 000101100111001010111000 0001110010001011000011,
001 00001 1’ uso 10 notura, 001011 quello 010 10 01 stesso 01
1100100 000 1001010000, 0 quello 01000001 000 0110001010010

 

