400 nnconso 01 0111100

’ 11 0311110110 10 031310110, 0010 31 10311 0110 1131101031010010 01

1101001000101001 0011, 0 001 131110 verso 00οο 30011011, 000
10013 0301000 11 110001 0 1010001, 00000 00113 0311101031100011
3111010310 0001100310 00010010300010, 0110 fusse 00000110 3
01011010011011011. 101001010010 001 quinto luogo 01011011011-
01001013 ragione, 0010111 1110001 0 10110001 01000 013001011, 001010
3111113101 0 3111130031οἱ 130000, 00011 00110101 101 goin, e minimi
00110 03111 di 1110110; 0010111 10000110013 0110001111 (eome di
sopra 011 1101131310) 0110 130003 00110 0110 111113110οί 00113 01
01013 00110 03111 11 100110 101 0001000 contenente, e 013001103-
010010 13113 0 311113003 00110011010111. Quindi 1111000 0110
00110011001111101 00110 Adriatico, 0101 intorno 3 10001101
110001 0 10110001 13000 comunemente diversitd 111101131101103

²· 3110 11110011, 013 ne' 1000111 dei Mediterraneo 1101101113011

00110101 131 0011110001 0100011001011, 00010 001110013110010103
0831110011, 0 00110 0011000 11 Roma e di Livornononpnsso 100110
11130010. Sesto, 11100001001 10 memoria quello, 0110 1100013 011
001310, 0 0110 1311 0000110013 ci 11000 0001013130113011000111,
0311010110 10 010010 10 ragione, onde 3110003. 0110 00101311
vastissimi, 11000111101130100100 obbossnmento deit’aeqne 013 010-
0011001100 00110 03111 11 010110, 0011311010οο 10 00110011 1011110000
01 verso ponente 01 verso 1013010 11 0000 030113111001100111
0110 procede 13113 031013 010003 dei libramenti 1101130000, 0110
003010 meno 1311100 0 311113003οο 00110 01111 11 010110, 13010
01300101100010 11 00011000 1003011010110110, 00031001010110
100000110 verso 1 0011010111. 10 01110 000011013010 00010 13 010-

1001101 00001111 1130003 010003, 11000111 10013010010, 00131100 .

00311000, 001 dovere poi 0300310 001 luogo 110110110001000000111
000110 000 impeto 013010, 000 31010010 1111100111 1101001010
13 0301000 10110 0101001310 00110011 0110 ei 13000 00110 0110110
010310 0110 000313 13 Sicilia 113113 (13131113, 00101111 10113 130001
01101111310010113101110013 0 10100110 10010 11000 000100013
’ neila 03110 101 01310 011001310, 11000111 10 000110 10013010010

demenda verso occidente, tuttaria 001 1101110001οἰ 001 11001010 „

113 801113 0 Cariddi 13 grandissima 3011311000, 0101110 3113 quote,
0 010110 103001010, s' intende esser 113 11111103 0 130130110011113
10013115.1010010,01001101’30000 101 ι100 gran 01311 101100 -

 

